1 7
2 4
3 11
4 5
5 32
6 23
7 12
8 2
9 24
10 22
11 10
12 28
13 0
14 17
15 35
16 16
17 0
18 19
19 6
20 16
21 26
22 0
23 21
24 5
25 13
26 34
27 11
28 7
29 17
30 29
31 10
32 16
33 17
34 3
35 19
36 22
37 5
38 8
39 26
40 0
41 2
42 8
43 21
44 2
45 18
46 0
47 11
48 30
49 12
50 15
51 20
52 9
53 1
54 0
55 7
56 2
57 0
58 1
59 20
60 19
61 5
62 33
63 10
64 7
65 26
66 14
67 16
68 3
69 0
70 14
71 28
72 6
73 34
74 11
75 22
76 20
77 21
78 5
79 11
80 6
81 33
82 14
83 5
84 21
85 1
86 0
87 20
88 39
89 37
90 27
91 30
92 16
93 20
94 21
95 7
96 14
97 5
98 27
99 0
100 6
101 22
102 2
103 29
104 0
105 3
106 11
107 1
108 8
109 21
110 18
111 23
112 12
113 13
114 0
115 5
116 0
117 5
118 0
119 3
120 34
121 15
122 8
123 5
124 14
125 26
126 31
127 9
128 18
129 10
130 12
131 17
132 3
133 6
134 11
135 1
136 1
137 0
138 0
139 3
140 1
141 6
142 0
143 34
144 9
145 31
146 8
147 13
148 10
149 15
150 3
151 28
152 11
153 32
154 9
155 17
156 6
157 14
158 7
159 12
160 12
161 13
162 0
163 8
164 21
165 2
166 18
167 7
168 0
169 5
170 16
171 3
172 17
173 0
174 1
175 9
176 4
177 18
178 29
179 2
180 5
181 24
182 20
183 1
184 7
185 0
186 7
187 0
188 1
189 7
190 32
191 24
192 8
193 0
194 1
195 4
196 6
197 0
198 22
199 28
200 35
201 6
202 21
203 21
204 22
205 7
206 29
207 24
208 2
209 0
210 24
211 6
212 16
213 21
214 18
215 27
216 1
217 5
218 3
219 1
220 5
221 27
222 7
223 34
224 5
225 17
226 18
227 10
228 22
229 4
230 6
231 22
232 2
233 23
234 14
235 2
236 0
237 32
238 0
239 2
240 35
241 0
242 28
243 9
244 19
245 22
246 1
247 26
248 17
249 9
250 13
251 0
252 16
253 24
254 15
255 27
256 16
257 8
258 23
259 12
260 27
261 13
262 20
263 9
264 17
265 15
266 30
267 16
268 19
269 3
270 0
271 30
272 27
273 13
274 11
275 5
276 15
277 5
278 27
279 18
280 11
281 5
282 15
283 10
284 1
285 1
286 17
287 20
288 19
289 16
290 3
291 1
292 16
293 28
294 19
295 21
296 20
297 9
298 25
299 8
300 5
301 10
302 19
303 22
304 38
305 31
306 3
307 14
308 17
309 4
310 1
311 29
312 1
313 1
314 2
315 1
316 0
317 29
318 3
319 6
320 12
321 30
322 18
323 19
324 22
325 5
326 14
327 8
328 0
329 15
330 31
331 19
332 35
333 6
334 30
335 37
336 30
337 8
338 26
339 12
340 5
341 1
342 20
343 19
344 1
345 20
346 12
347 7
348 2
349 20
350 3
351 23
352 13
353 2
354 2
355 0
356 33
357 3
358 7
359 13
360 7
361 3
362 0
363 10
364 4
365 4
366 4
367 4
368 4
369 4
370 25
371 36
372 25
373 5
374 36
375 10
376 32
377 4
378 4
379 1
380 2
381 3
382 6
383 5
384 23
385 23
