1 0
2 0
3 0
4 0
5 0
6 0
7 3
8 1
9 0
10 1
11 0
12 1
13 1
14 0
15 0
16 0
17 0
18 2
19 0
20 5
21 3
22 0
23 0
24 0
25 0
26 0
27 1
28 1
29 3
30 0
31 0
32 4
33 1
34 0
35 1
36 8
37 0
38 0
39 0
40 1
41 0
42 0
43 0
44 0
45 5
46 0
47 0
48 0
49 1
50 0
51 0
52 1
53 3
54 2
55 0
56 0
57 5
58 2
59 0
60 0
61 2
62 0
63 0
64 3
65 0
66 0
67 0
68 1
69 1
70 3
71 0
72 6
73 0
74 10
75 0
76 1
77 1
78 7
79 0
80 0
81 7
82 0
83 5
84 1
85 0
86 0
87 0
88 0
89 3
90 0
91 0
92 1
93 0
94 1
95 7
96 1
97 1
98 0
99 5
100 3
101 2
102 0
103 0
104 0
105 0
106 0
107 0
108 5
109 1
110 0
111 0
112 1
113 0
114 0
115 2
116 9
117 1
118 5
119 0
120 0
121 0
122 1
123 3
124 1
125 0
126 1
127 1
128 0
129 0
130 3
131 0
132 0
133 2
134 1
135 6
136 1
137 0
138 4
